90
2 78
71 89
82 41
20 67 33 18 29 17 74 12 24 50 82 32 9 63 16 25 69 26 54 15 7 49 40 27 3 44 13 5 23 34 70 71 21 47 37 78 14 81 59 2 6 30 35 38 66 62 1 22 8 75 43 72 41 19 11 45 61 10 53 31 64 52 56 55 42 79 68 73 4 77 80 76 58 48 39 60 46 57 65 51 36 28
3 5
1 6 4
1 1
1
6 10
1 7 5 4 9 8
97 48
46 84 66 60 81 23 76 24 59 93 44 38 90 40 68 86 17 21 92 68 13 89 58 38 20 16 72 81 5 90 32 92 89 33 80 60 69 48 92 72 94 29 38 83 2 77 82 60 56 62 99 3 28 96 49 24 69 29 33 20 31 82 82 32 73 6 58 75 84 85 90 94 50 99 99 74 79 97 2 29 10 89 83 57 28 93 3 10 17 5 35 37 68 90 45 22 21
12 26
46 9 42 1 37 5 32 75 92 19 20 27
69 69
52 31 36 47 87 47 45 97 11 30 57 45 1 51 32 20 84 66 100 56 26 55 35 70 71 76 51 27 44 55 67 9 51 10 92 98 73 99 77 11 100 84 41 88 92 61 40 46 94 53 61 31 17 4 19 38 77 22 34 2 21 94 93 73 72 41 11 53 77
1 5
4
10 6
10 7 8 2 4 10 2 7 4 3
27 15
55 45 29 62 67 22 67 70 30 69 79 66 4 91 92 5 32 88 63 18 73 81 3 43 43 99 38
3 9
4 2 1
27 81
25 31 27 13 53 74 69 50 85 64 9 13 94 19 28 82 68 50 22 40 73 11 56 65 74 6 13
100 1
92 57 64 59 46 56 90 82 87 30 96 1 36 4 16 92 30 90 56 90 69 41 24 46 70 48 6 95 18 22 43 64 89 44 84 58 4 27 89 4 35 20 51 92 7 32 52 27 95 1 38 24 100 94 12 66 57 39 81 5 95 56 63 70 63 96 87 91 93 23 41 23 18 88 90 50 65 49 86 30 55 86 20 4 71 77 8 34 87 49 9 55 93 98 64 22 53 3 65 61
4 3
8 6 6 3
9 1
8 10 3 8 5 4 4 9 10
5 3
7 1 5 7 4
66 67
80 20 86 44 21 77 35 57 98 53 36 24 78 3 63 99 89 75 74 5 14 16 18 44 18 10 62 30 58 75 96 32 93 35 8 95 58 3 26 95 45 30 31 83 72 60 88 34 52 100 67 80 14 69 50 44 5 46 58 86 62 79 72 74 68 44
88 40
69 69 69 69 69 69 69 69 69 69 69 69 69 69 69 69 69 69 69 69 69 69 69 69 69 69 69 69 69 69 69 69 69 69 69 69 69 69 69 69 69 69 69 69 69 69 69 69 69 69 69 69 69 69 69 69 69 69 69 69 69 69 69 69 69 69 69 69 69 69 69 69 69 69 69 69 69 69 69 69 69 69 69 69 69 69 69 69
3 2
1 2 2
1 2
4
9 2
3 8 4 3 5 9 6 9 4
69 11
51 8 6 42 54 22 97 91 67 50 45 91 60 73 85 20 35 99 89 8 50 46 26 39 23 30 3 28 79 91 25 20 74 53 38 3 30 15 62 65 35 60 58 52 67 51 14 64 38 93 62 8 98 98 2 49 74 68 88 53 93 17 27 44 74 57 98 7 27
63 65
13 87 10 61 93 65 49 50 17 32 62 16 11 11 32 11 66 80 94 27 87 63 47 21 55 34 34 96 70 13 7 19 62 55 41 91 52 91 62 49 53 5 68 100 29 45 30 93 35 87 40 68 9 34 64 4 58 70 79 52 5 45 15
3 69
29 56 82
1 6
3
24 95
26 12 64 59 6 86 24 12 59 36 81 44 75 70 79 90 71 95 44 8 77 47 26 10
88 88
69 69 69 69 69 69 69 69 69 69 69 69 69 69 69 69 69 69 69 69 69 69 69 69 69 69 69 69 69 69 69 69 69 69 69 69 69 69 69 69 69 69 69 69 69 69 69 69 69 69 69 69 69 69 69 69 69 69 69 69 69 69 69 69 69 69 69 69 69 69 69 69 69 69 69 69 69 69 69 69 69 69 69 69 69 69 69 69
82 53
20 67 33 18 29 17 74 12 24 50 82 32 9 63 16 25 69 26 54 15 7 49 40 27 3 44 13 5 23 34 70 71 21 47 37 78 14 81 59 2 6 30 35 38 66 62 1 22 8 75 43 72 41 19 11 45 61 10 53 31 64 52 56 55 42 79 68 73 4 77 80 76 58 48 39 60 46 57 65 51 36 28
3 1
10 8 10
95 27
56 43 63 81 16 14 13 50 13 96 40 30 61 23 28 60 88 56 55 19 69 65 37 32 49 85 83 78 55 63 82 50 77 73 70 7 76 81 10 97 86 6 90 79 28 10 72 55 100 83 93 11 61 77 19 17 78 55 36 58 42 10 46 53 88 15 3 44 28 15 57 5 30 33 35 99 35 81 22 99 84 61 2 46 22 37 85 28 96 68 98 96 42 65 4
85 59
92 45 55 50 67 6 18 11 25 100 80 76 42 79 57 81 71 63 46 92 86 31 16 90 57 60 12 3 52 94 57 89 74 77 76 28 80 92 80 40 92 99 1 93 4 64 66 84 44 98 23 64 15 21 23 8 78 17 78 23 43 49 11 38 57 75 18 50 69 8 8 43 24 63 33 21 64 63 94 34 86 21 43 28 90
8 3
2 2 3 2 5 8 2 7
3 2
100 100 100
71 74
5 74 13 81 68 56 69 96 60 70 35 95 98 71 62 54 78 45 35 52 28 7 11 4 93 15 79 36 97 41 82 83 38 97 38 12 25 48 87 89 80 14 61 90 60 66 13 42 4 43 71 92 11 66 47 8 44 85 99 18 48 63 61 52 50 67 70 39 39 59 71
99 87
35 57 62 89 95 81 2 35 79 74 28 1 26 53 79 39 87 53 26 10 16 31 14 56 33 68 97 67 7 17 50 22 87 94 65 87 37 81 8 41 42 75 47 54 33 92 93 81 57 28 44 95 85 1 43 99 83 33 64 52 31 46 100 39 72 1 34 91 63 84 24 98 35 46 74 65 86 85 31 15 70 59 30 94 2 6 64 36 96 27 27 70 46 14 38 7 77 69 78
100 100
92 57 64 59 46 56 90 82 87 30 96 1 36 4 16 92 30 90 56 90 69 41 24 46 70 48 6 95 18 22 43 64 89 44 84 58 4 27 89 4 35 20 51 92 7 32 52 27 95 1 38 24 100 94 12 66 57 39 81 5 95 56 63 70 63 96 87 91 93 23 41 23 18 88 90 50 65 49 86 30 55 86 20 4 71 77 8 34 87 49 9 55 93 98 64 22 53 3 65 61
99 49
85 76 52 52 91 54 45 55 35 84 27 78 1 60 72 16 82 70 40 68 50 90 21 20 48 93 77 14 21 4 33 62 19 27 80 10 13 20 82 66 100 54 51 57 20 9 16 40 88 54 59 86 41 60 36 24 94 63 1 40 62 83 24 13 99 21 24 10 14 62 100 56 55 93 68 38 6 20 82 100 94 23 38 80 60 1 71 22 12 7 44 6 19 95 99 24 44 34 13
1 1
100
3 2
100 10 100
10 3
1 6 10 7 1 6 5 8 1 3
22 52
90 75 30 83 73 17 38 79 78 39 15 86 83 6 88 91 17 46 20 86 61 100
3 2
1 3 3
1 8
7
1 3
8
5 3
1 2 3 3 1
8 1
2 5 2 8 7 4 2 9
6 6
4 4 3 5 8 1
10 8
6 9 8 4 6 8 7 3 10 4
5 8
6 3 10 6 3
7 1
2 4 4 4 8 4 6
5 84
21 27 44 39 68
13 92
79 11 4 76 44 61 65 91 24 73 49 90 92
10 4
9 7 8 10 4 9 8 9 1 9
85 100
68 71 66 21 76 91 34 89 50 75 8 66 51 92 27 59 5 80 27 26 29 93 2 32 63 66 99 73 61 84 49 3 91 54 29 85 70 81 34 93 62 36 41 1 43 23 94 22 37 3 70 67 88 56 63 37 11 76 50 65 3 45 88 100 21 58 81 40 90 32 50 63 63 91 89 51 1 56 82 61 1 45 100 28 82
54 15
23 38 93 81 74 82 60 44 74 42 89 27 25 12 60 88 46 53 10 76 10 19 45 89 89 22 92 98 62 100 91 64 86 71 2 24 83 12 34 69 18 65 96 96 59 58 83 67 89 13 2 36 17 26
63 75
53 15 27 91 90 94 5 97 31 28 70 82 49 8 35 69 87 61 20 29 47 16 94 65 48 96 23 74 87 28 1 65 49 79 88 58 7 56 77 41 1 60 61 29 17 30 32 42 15 17 87 80 62 89 24 46 50 79 61 77 98 59 21
1 100
100
7 10
1 1 2 6 8 1 9
4 10
6 7 4 2
9 10
1 2 3 10 7 8 6 4 2
3 2
100 10 1
5 5
1 1 2 2 1
8 5
7 8 9 6 3 10 10 6
47 57
16 3 47 50 67 28 49 84 60 24 62 95 91 84 66 53 6 74 9 2 85 92 77 5 34 75 11 56 9 82 87 15 33 91 61 6 54 54 20 14 50 44 27 62 82 43 49
9 9
9 7 1 9 7 5 3 7 7
88 100
69 69 69 69 69 69 69 69 69 69 69 69 69 69 69 69 69 69 69 69 69 69 69 69 69 69 69 69 69 69 69 69 69 69 69 69 69 69 69 69 69 69 69 69 69 69 69 69 69 69 69 69 69 69 69 69 69 69 69 69 69 69 69 69 69 69 69 69 69 69 69 69 69 69 69 69 69 69 69 69 69 69 69 69 69 69 69 69
60 49
91 46 28 53 21 4 15 71 84 36 26 60 73 90 90 28 79 44 17 71 68 45 80 87 1 38 57 100 1 94 81 48 56 98 39 77 79 2 11 8 45 12 1 37 95 60 6 37 17 70 88 44 98 16 39 29 54 5 9 79
2 52
86 99
3 7
9 7 1
10 2
1 7 6 5 6 3 6 8 1 7
89 86
50 99 100 3 38 9 42 35 18 46 90 7 87 82 24 43 93 36 1 41 81 36 38 44 42 84 51 75 47 72 27 8 72 60 12 92 78 36 60 51 62 39 7 56 78 31 37 15 95 12 17 64 35 91 63 73 91 87 27 80 61 61 43 47 71 89 83 21 27 65 17 10 24 13 19 86 4 36 2 14 56 14 20 60 33 79 94 55 95
8 2
10 8 10 7 2 7 1 7
100 44
84 26 67 58 46 22 62 61 45 60 6 67 50 88 96 2 49 58 72 19 75 97 85 98 91 17 75 98 21 50 69 37 1 31 71 87 19 12 37 85 15 84 59 48 72 63 69 16 22 20 18 31 8 55 44 90 49 62 18 68 28 17 74 81 23 48 24 15 53 73 5 17 19 75 38 84 52 51 63 36 70 5 51 19 85 63 6 81 56 26 69 4 3 86 55 6 42 61 97 61
98 49
7 70 71 76 17 86 78 93 25 88 50 6 1 85 1 90 29 53 80 56 48 58 66 77 20 28 16 81 42 5 42 61 27 79 42 71 47 19 51 5 61 94 97 83 75 19 84 23 13 44 75 54 84 78 20 69 2 80 45 99 77 55 73 30 51 64 38 62 95 47 51 13 49 41 59 25 89 22 89 77 22 20 57 58 41 72 96 19 13 38 4 60 41 12 16 63 75 68
4 4
2 7 9 5
7 8
8 9 9 10 3 6 9
3 3
9 2 7
10 7
8 6 6 5 2 10 6 8 7 8
1 5
8
77 84
98 31 85 99 5 53 63 46 39 2 49 76 9 8 61 87 82 11 7 78 95 41 66 5 76 39 23 3 99 94 26 43 35 30 65 76 39 24 45 53 42 11 75 42 31 22 56 65 49 12 53 54 16 81 26 54 93 76 72 74 89 2 73 40 61 18 43 14 57 96 36 40 90 53 53 86 18
7 22
79 7 80 96 42 88 38
2 7
6 6
1 4
7
5 2
1 2 3 4 5
40 12
43 6 31 89 48 80 10 100 19 14 68 3 33 50 5 53 13 53 81 19 27 39 16 18 35 79 40 33 73 45 84 28 16 59 55 99 35 79 93 9
1 2
5
10 10
1 5 2 10 2 5 2 5 5 3
82 40
20 67 33 18 29 17 74 12 24 50 82 32 9 63 16 25 69 26 54 15 7 49 40 27 3 44 13 5 23 34 70 71 21 47 37 78 14 81 59 2 6 30 35 38 66 62 1 22 8 75 43 72 41 19 11 45 61 10 53 31 64 52 56 55 42 79 68 73 4 77 80 76 58 48 39 60 46 57 65 51 36 28
100 69
24 8 93 12 60 82 99 44 73 5 86 52 61 92 37 76 32 68 43 7 56 19 11 10 2 83 29 59 79 51 72 50 98 3 95 16 63 34 30 64 67 78 96 22 66 54 1 38 70 77 13 87 74 9 27 4 75 94 46 65 57 23 53 18 21 42 35 14 31 48 84 85 28 81 20 97 40 41 6 15 88 90 47 39 33 55 36 80 25 26 91 100 17 45 71 62 49 58 69 89
